c time(ms)   temp(K)    MW        Nsite    Nchar    fnchar     fntar     fnhcn     fntot
  1.000E-01 3.199E+02  351.26  0.029743  0.015386  1.000000  0.000000  0.000000  0.000000
  3.000E-01 3.338E+02  351.26  0.029743  0.015386  1.000000  0.000000  0.000000  0.000000
  7.000E-01 3.615E+02  351.26  0.029743  0.015386  1.000000  0.000000  0.000000  0.000000
  1.500E+00 4.170E+02  351.26  0.029743  0.015386  1.000000  0.000000  0.000000  0.000000
  2.500E+00 4.864E+02  351.26  0.029743  0.015386  1.000000  0.000000  0.000000  0.000000
  3.500E+00 5.557E+02  351.26  0.029743  0.015386  1.000000  0.000000  0.000000  0.000000
  4.500E+00 6.251E+02  351.26  0.029743  0.015386  1.000000  0.000000  0.000000  0.000000
  5.500E+00 6.944E+02  351.25  0.029743  0.015387  0.999967  0.000033  0.000000  0.000033
  6.500E+00 7.638E+02  350.96  0.029743  0.015400  0.995532  0.004472 -0.000004  0.004468
  7.500E+00 8.331E+02  349.60  0.029743  0.015459  0.975932  0.024034  0.000034  0.024068
  7.874E+00 8.591E+02  348.25  0.029743  0.015520  0.972853  0.027227 -0.000080  0.027147
  8.027E+00 8.697E+02  346.33  0.029743  0.015606  0.970514  0.029628 -0.000142  0.029486
  8.181E+00 8.803E+02  344.66  0.029743  0.015681  0.967868  0.032337 -0.000205  0.032132
  8.334E+00 8.910E+02  342.94  0.029743  0.015760  0.964565  0.035719 -0.000283  0.035435
  8.487E+00 9.016E+02  341.09  0.029743  0.015845  0.960424  0.039964 -0.000388  0.039576
  8.641E+00 9.122E+02  340.18  0.029743  0.015888  0.958210  0.042318 -0.000528  0.041790
  8.710E+00 9.170E+02  339.17  0.029714  0.015919  0.954582  0.045106  0.000312  0.045418
  8.779E+00 9.218E+02  338.13  0.029681  0.015951  0.950589  0.048156  0.001255  0.049411
  8.848E+00 9.266E+02  337.05  0.029646  0.015983  0.946269  0.051495  0.002236  0.053731
  8.917E+00 9.314E+02  335.93  0.029609  0.016016  0.941607  0.055138  0.003256  0.058393
  8.986E+00 9.362E+02  334.79  0.029571  0.016050  0.936582  0.059109  0.004309  0.063418
  9.055E+00 9.409E+02  333.60  0.029530  0.016085  0.931169  0.063435  0.005396  0.068831
  9.124E+00 9.457E+02  332.39  0.029487  0.016120  0.925356  0.068125  0.006519  0.074644
  9.193E+00 9.505E+02  331.14  0.029441  0.016156  0.919133  0.073197  0.007670  0.080867
  9.262E+00 9.553E+02  329.86  0.029394  0.016192  0.912494  0.078662  0.008844  0.087506
  9.331E+00 9.601E+02  328.56  0.029344  0.016229  0.905438  0.084531  0.010031  0.094562
  9.400E+00 9.649E+02  327.24  0.029293  0.016265  0.897913  0.090860  0.011227  0.102087
  9.469E+00 9.697E+02  325.91  0.029239  0.016302  0.889979  0.097599  0.012423  0.110021
  9.538E+00 9.745E+02  324.56  0.029183  0.016339  0.881655  0.104736  0.013609  0.118345
  9.607E+00 9.792E+02  323.21  0.029126  0.016375  0.872970  0.112252  0.014778  0.127030
  9.676E+00 9.840E+02  321.86  0.029068  0.016410  0.863965  0.120118  0.015917  0.136035
  9.745E+00 9.888E+02  320.52  0.029008  0.016445  0.854685  0.128296  0.017019  0.145315
  9.814E+00 9.936E+02  319.20  0.028948  0.016479  0.845179  0.136744  0.018077  0.154821
  9.883E+00 9.984E+02  317.89  0.028886  0.016512  0.835517  0.145397  0.019086  0.164483
  9.952E+00 1.003E+03  316.60  0.028825  0.016544  0.825769  0.154192  0.020039  0.174231
  1.002E+01 1.008E+03  315.35  0.028763  0.016574  0.816010  0.163058  0.020932  0.183990
  1.009E+01 1.013E+03  314.13  0.028701  0.016603  0.806317  0.171920  0.021763  0.193683
  1.016E+01 1.018E+03  312.94  0.028640  0.016630  0.796751  0.180716  0.022533  0.203249
  1.023E+01 1.022E+03  311.80  0.028580  0.016656  0.787388  0.189366  0.023246  0.212612
  1.030E+01 1.027E+03  310.69  0.028521  0.016680  0.778287  0.197805  0.023908  0.221713
  1.037E+01 1.032E+03  309.63  0.028462  0.016703  0.769513  0.205963  0.024524  0.230487
  1.044E+01 1.037E+03  308.60  0.028405  0.016725  0.761107  0.213790  0.025103  0.238893
  1.050E+01 1.041E+03  307.62  0.028348  0.016745  0.753103  0.221244  0.025653  0.246897
  1.057E+01 1.046E+03  306.67  0.028293  0.016765  0.745521  0.228296  0.026183  0.254479
  1.064E+01 1.051E+03  305.75  0.028239  0.016783  0.738370  0.234926  0.026703  0.261630
  1.071E+01 1.056E+03  304.86  0.028186  0.016800  0.731646  0.241131  0.027223  0.268354
  1.078E+01 1.061E+03  304.00  0.028134  0.016817  0.725334  0.246913  0.027753  0.274666
  1.085E+01 1.065E+03  303.15  0.028082  0.016833  0.719408  0.252289  0.028303  0.280592
  1.092E+01 1.070E+03  302.30  0.028030  0.016849  0.713847  0.257268  0.028885  0.286153
  1.099E+01 1.075E+03  301.46  0.027978  0.016864  0.708611  0.261881  0.029508  0.291389
  1.106E+01 1.080E+03  300.62  0.027926  0.016880  0.703683  0.266138  0.030179  0.296317
  1.113E+01 1.085E+03  299.77  0.027872  0.016895  0.699036  0.270054  0.030910  0.300964
  1.119E+01 1.089E+03  298.90  0.027816  0.016910  0.694638  0.273652  0.031709  0.305362
  1.126E+01 1.094E+03  298.01  0.027759  0.016926  0.690485  0.276928  0.032586  0.309515
  1.133E+01 1.099E+03  297.10  0.027700  0.016942  0.686565  0.279883  0.033552  0.313435
  1.140E+01 1.104E+03  295.23  0.027607  0.016992  0.679691  0.284934  0.035375  0.320309
  1.154E+01 1.113E+03  291.41  0.027409  0.017091  0.668999  0.291603  0.039397  0.331001
  1.182E+01 1.132E+03  283.19  0.026980  0.017312  0.651528  0.299811  0.048661  0.348472
  1.237E+01 1.171E+03  266.80  0.025994  0.017704  0.629689  0.299811  0.070500  0.370311
  1.337E+01 1.240E+03  248.90  0.024241  0.017698  0.587713  0.299811  0.112475  0.412287
  1.437E+01 1.309E+03  232.97  0.021907  0.017087  0.531585  0.299811  0.168603  0.468415
  1.537E+01 1.379E+03  224.25  0.019502  0.015803  0.473472  0.299811  0.226717  0.526528
  1.637E+01 1.448E+03  219.33  0.018097  0.014993  0.439497  0.299811  0.260692  0.560503
  1.737E+01 1.517E+03  217.65  0.017251  0.014403  0.419009  0.299811  0.281180  0.580991
  1.837E+01 1.587E+03  216.92  0.016945  0.014194  0.411580  0.299811  0.288609  0.588420
  1.937E+01 1.656E+03  216.78  0.016804  0.014085  0.408154  0.299811  0.292035  0.591846
  2.037E+01 1.700E+03  216.75  0.016776  0.014064  0.407484  0.299811  0.292705  0.592516
  2.137E+01 1.700E+03  216.75  0.016770  0.014060  0.407344  0.299811  0.292844  0.592656
  2.237E+01 1.700E+03  216.74  0.016768  0.014058  0.407301  0.299811  0.292888  0.592699
  2.337E+01 1.700E+03  216.74  0.016768  0.014058  0.407279  0.299811  0.292910  0.592721
  2.437E+01 1.700E+03  216.74  0.016767  0.014057  0.407268  0.299811  0.292921  0.592732
  2.537E+01 1.700E+03  216.74  0.016767  0.014057  0.407262  0.299811  0.292927  0.592738
  2.637E+01 1.700E+03  216.74  0.016767  0.014057  0.407259  0.299811  0.292930  0.592741
  2.737E+01 1.700E+03  216.74  0.016767  0.014057  0.407258  0.299811  0.292931  0.592742
  2.837E+01 1.700E+03  216.74  0.016767  0.014057  0.407257  0.299811  0.292932  0.592743
  2.937E+01 1.700E+03  216.74  0.016767  0.014057  0.407256  0.299811  0.292932  0.592744
  3.037E+01 1.700E+03  216.74  0.016767  0.014057  0.407256  0.299811  0.292933  0.592744
  3.137E+01 1.700E+03  216.74  0.016767  0.014057  0.407256  0.299811  0.292933  0.592744
  3.237E+01 1.700E+03  216.74  0.016767  0.014057  0.407256  0.299811  0.292933  0.592744
  3.337E+01 1.700E+03  216.74  0.016767  0.014057  0.407256  0.299811  0.292933  0.592744
  3.437E+01 1.700E+03  216.74  0.016767  0.014057  0.407256  0.299811  0.292933  0.592744
  3.537E+01 1.700E+03  216.74  0.016767  0.014057  0.407256  0.299811  0.292933  0.592744
  3.637E+01 1.700E+03  216.74  0.016767  0.014057  0.407256  0.299811  0.292933  0.592744
  3.737E+01 1.700E+03  216.74  0.016767  0.014057  0.407256  0.299811  0.292933  0.592744
  3.837E+01 1.700E+03  216.74  0.016767  0.014057  0.407256  0.299811  0.292933  0.592744
  3.937E+01 1.700E+03  216.74  0.016767  0.014057  0.407256  0.299811  0.292933  0.592744
  4.037E+01 1.700E+03  216.74  0.016767  0.014057  0.407256  0.299811  0.292933  0.592744
  4.137E+01 1.700E+03  216.74  0.016767  0.014057  0.407256  0.299811  0.292933  0.592745
  4.237E+01 1.700E+03  216.74  0.016767  0.014057  0.407255  0.299811  0.292933  0.592745
  4.337E+01 1.700E+03  216.74  0.016767  0.014057  0.407255  0.299811  0.292933  0.592745
  4.437E+01 1.700E+03  216.74  0.016767  0.014057  0.407255  0.299811  0.292933  0.592745
  4.537E+01 1.700E+03  216.74  0.016767  0.014057  0.407255  0.299811  0.292933  0.592745
  4.637E+01 1.700E+03  216.74  0.016767  0.014057  0.407255  0.299811  0.292933  0.592745
  4.737E+01 1.700E+03  216.74  0.016767  0.014057  0.407255  0.299811  0.292934  0.592745
  4.837E+01 1.700E+03  216.74  0.016767  0.014057  0.407255  0.299811  0.292934  0.592745
  4.937E+01 1.700E+03  216.74  0.016767  0.014057  0.407255  0.299811  0.292934  0.592745
  5.037E+01 1.700E+03  216.74  0.016767  0.014057  0.407255  0.299811  0.292934  0.592745
  5.137E+01 1.700E+03  216.74  0.016767  0.014057  0.407255  0.299811  0.292934  0.592745
  5.237E+01 1.700E+03  216.74  0.016767  0.014057  0.407255  0.299811  0.292934  0.592745
  5.337E+01 1.700E+03  216.74  0.016767  0.014057  0.407255  0.299811  0.292934  0.592745
  5.437E+01 1.700E+03  216.74  0.016767  0.014057  0.407255  0.299811  0.292934  0.592745
  5.537E+01 1.700E+03  216.74  0.016767  0.014057  0.407255  0.299811  0.292934  0.592745
  5.637E+01 1.700E+03  216.74  0.016767  0.014057  0.407255  0.299811  0.292934  0.592745
  5.737E+01 1.700E+03  216.74  0.016767  0.014057  0.407255  0.299811  0.292934  0.592745
  5.837E+01 1.700E+03  216.74  0.016767  0.014057  0.407255  0.299811  0.292934  0.592745
  5.937E+01 1.700E+03  216.74  0.016767  0.014057  0.407255  0.299811  0.292934  0.592745
